0.02731,0.00,7.070,0,0.4690,6.4210,78.90,4.9671,2,242.0,17.80,396.90,9.14,21.60
0.03237,0.00,2.180,0,0.4580,6.9980,45.80,6.0622,3,222.0,18.70,394.63,2.94,33.40
0.02985,0.00,2.180,0,0.4580,6.4300,58.70,6.0622,3,222.0,18.70,394.12,5.21,28.70
0.14455,12.50,7.870,0,0.5240,6.1720,96.10,5.9505,5,311.0,15.20,396.90,19.15,27.10
0.17004,12.50,7.870,0,0.5240,6.0040,85.90,6.5921,5,311.0,15.20,386.71,17.10,18.90
0.62976,0.00,8.140,0,0.5380,5.9490,61.80,4.7075,4,307.0,21.00,396.90,8.26,20.40
0.62739,0.00,8.140,0,0.5380,5.8340,56.50,4.4986,4,307.0,21.00,395.62,8.47,19.90
0.78420,0.00,8.140,0,0.5380,5.9900,81.70,4.2579,4,307.0,21.00,386.75,14.67,17.50
0.72580,0.00,8.140,0,0.5380,5.7270,69.50,3.7965,4,307.0,21.00,390.95,11.28,18.20
0.85204,0.00,8.140,0,0.5380,5.9650,89.20,4.0123,4,307.0,21.00,392.53,13.83,19.60
0.98843,0.00,8.140,0,0.5380,5.8130,100.00,4.0952,4,307.0,21.00,394.54,19.88,14.50
0.84054,0.00,8.140,0,0.5380,5.5990,85.70,4.4546,4,307.0,21.00,303.42,16.51,13.90
0.95577,0.00,8.140,0,0.5380,6.0470,88.80,4.4534,4,307.0,21.00,306.38,17.28,14.80
1.00245,0.00,8.140,0,0.5380,6.6740,87.30,4.2390,4,307.0,21.00,380.23,11.98,21.00
0.08014,0.00,5.960,0,0.4990,5.8500,41.50,3.9342,5,279.0,19.20,396.90,8.77,21.00
0.02763,75.00,2.950,0,0.4280,6.5950,21.80,5.4011,3,252.0,18.30,395.63,4.32,30.80
0.15936,0.00,6.910,0,0.4480,6.2110,6.50,5.7209,3,233.0,17.90,394.46,7.44,24.70
0.17142,0.00,6.910,0,0.4480,5.6820,33.80,5.1004,3,233.0,17.90,396.90,10.21,19.30
0.22927,0.00,6.910,0,0.4480,6.0300,85.50,5.6894,3,233.0,17.90,392.74,18.80,16.60
0.21977,0.00,6.910,0,0.4480,5.6020,62.00,6.0877,3,233.0,17.90,396.90,16.20,19.40
0.04981,21.00,5.640,0,0.4390,5.9980,21.40,6.8147,4,243.0,16.80,396.90,8.43,23.40
0.01311,90.00,1.220,0,0.4030,7.2490,21.90,8.6966,5,226.0,17.90,395.93,4.81,35.40
0.01432,100.00,1.320,0,0.4110,6.8160,40.50,8.3248,5,256.0,15.10,392.90,3.95,31.60
0.10328,25.00,5.130,0,0.4530,5.9270,47.20,6.9320,8,284.0,19.70,396.90,9.22,19.60
0.17171,25.00,5.130,0,0.4530,5.9660,93.40,6.8185,8,284.0,19.70,378.08,14.44,16.00
0.12650,25.00,5.130,0,0.4530,6.7620,43.40,7.9809,8,284.0,19.70,395.58,9.50,25.00
0.03584,80.00,3.370,0,0.3980,6.2900,17.80,6.6115,4,337.0,16.10,396.90,4.67,23.50
0.05789,12.50,6.070,0,0.4090,5.8780,21.40,6.4980,4,345.0,18.90,396.21,8.10,22.00
0.12816,12.50,6.070,0,0.4090,5.8850,33.00,6.4980,4,345.0,18.90,396.90,8.79,20.90
0.15876,0.00,10.810,0,0.4130,5.9610,17.50,5.2873,4,305.0,19.20,376.94,9.88,21.70
0.19539,0.00,10.810,0,0.4130,6.2450,6.20,5.2873,4,305.0,19.20,377.17,7.54,23.40
0.09512,0.00,12.830,0,0.4370,6.2860,45.00,4.5026,5,398.0,18.70,383.23,8.94,21.40
0.08387,0.00,12.830,0,0.4370,5.8740,36.60,4.5026,5,398.0,18.70,396.06,9.10,20.30
0.04462,25.00,4.860,0,0.4260,6.6190,70.40,5.4007,4,281.0,19.00,395.63,7.22,23.90
0.05735,0.00,4.490,0,0.4490,6.6300,56.10,4.4377,3,247.0,18.50,392.30,6.53,26.60
0.05302,0.00,3.410,0,0.4890,7.0790,63.10,3.4145,2,270.0,17.80,396.06,5.70,28.70
0.03932,0.00,3.410,0,0.4890,6.4050,73.90,3.0921,2,270.0,17.80,393.55,8.20,22.00
0.02875,28.00,15.040,0,0.4640,6.2110,28.90,3.6659,4,270.0,18.20,396.33,6.21,25.00
0.12204,0.00,2.890,0,0.4450,6.6250,57.80,3.4952,2,276.0,18.00,357.98,6.65,28.40
0.12083,0.00,2.890,0,0.4450,8.0690,76.00,3.4952,2,276.0,18.00,396.90,4.21,38.70
0.06860,0.00,2.890,0,0.4450,7.4160,62.50,3.4952,2,276.0,18.00,396.90,6.19,33.20
0.11432,0.00,8.560,0,0.5200,6.7810,71.30,2.8561,5,384.0,20.90,395.58,7.67,26.50
0.21161,0.00,8.560,0,0.5200,6.1370,87.40,2.7147,5,384.0,20.90,394.47,13.44,19.30
0.13262,0.00,8.560,0,0.5200,5.8510,96.70,2.1069,5,384.0,20.90,394.05,16.47,19.50
0.26363,0.00,8.560,0,0.5200,6.2290,91.20,2.5451,5,384.0,20.90,391.23,15.55,19.40
0.10084,0.00,10.010,0,0.5470,6.7150,81.60,2.6775,6,432.0,17.80,395.59,10.16,22.80
0.22212,0.00,10.010,0,0.5470,6.0920,95.40,2.5480,6,432.0,17.80,396.90,17.09,18.70
0.15098,0.00,10.010,0,0.5470,6.0210,82.60,2.7474,6,432.0,17.80,394.51,10.30,19.20
0.14476,0.00,10.010,0,0.5470,5.7310,65.20,2.7592,6,432.0,17.80,391.50,13.61,19.30
0.07165,0.00,25.650,0,0.5810,6.0040,84.10,2.1974,2,188.0,19.10,377.67,14.27,20.30
0.15038,0.00,25.650,0,0.5810,5.8560,97.00,1.9444,2,188.0,19.10,370.31,25.41,17.30
0.25915,0.00,21.890,0,0.6240,5.6930,96.00,1.7883,4,437.0,21.20,392.11,17.19,16.20
0.88125,0.00,21.890,0,0.6240,5.6370,94.70,1.9799,4,437.0,21.20,396.90,18.34,14.30
0.32982,0.00,21.890,0,0.6240,5.8220,95.40,2.4699,4,437.0,21.20,388.69,15.03,18.40
0.55778,0.00,21.890,0,0.6240,6.3350,98.20,2.1107,4,437.0,21.20,394.67,16.96,18.10
0.35233,0.00,21.890,0,0.6240,6.4540,98.40,1.8498,4,437.0,21.20,394.08,14.59,17.10
1.62864,0.00,21.890,0,0.6240,5.0190,100.00,1.4394,4,437.0,21.20,396.90,34.41,14.40
4.09740,0.00,19.580,0,0.8710,5.4680,100.00,1.4118,5,403.0,14.70,396.90,26.42,15.60
2.36862,0.00,19.580,0,0.8710,4.9260,95.70,1.4608,5,403.0,14.70,391.71,29.53,14.60
1.49632,0.00,19.580,0,0.8710,5.4040,100.00,1.5916,5,403.0,14.70,341.60,13.28,19.60
2.14918,0.00,19.580,0,0.8710,5.7090,98.50,1.6232,5,403.0,14.70,261.95,15.79,19.40
3.53501,0.00,19.580,1,0.8710,6.1520,82.60,1.7455,5,403.0,14.70,88.01,15.02,15.60
1.22358,0.00,19.580,0,0.6050,6.9430,97.40,1.8773,5,403.0,14.70,363.43,4.59,41.30
1.46336,0.00,19.580,0,0.6050,7.4890,90.80,1.9709,5,403.0,14.70,374.43,1.73,50.00
1.51902,0.00,19.580,1,0.6050,8.3750,93.90,2.1620,5,403.0,14.70,388.45,3.32,50.00
2.92400,0.00,19.580,0,0.6050,6.1010,93.00,2.2834,5,403.0,14.70,240.16,9.81,25.00
1.80028,0.00,19.580,0,0.6050,5.8770,79.20,2.4259,5,403.0,14.70,227.61,12.14,23.80
2.44953,0.00,19.580,0,0.6050,6.4020,95.20,2.2625,5,403.0,14.70,330.04,11.32,22.30
2.31390,0.00,19.580,0,0.6050,5.8800,97.30,2.3887,5,403.0,14.70,348.13,12.03,19.10
0.05425,0.00,4.050,0,0.5100,6.3150,73.40,3.3175,5,296.0,16.60,395.60,6.29,24.60
0.05780,0.00,2.460,0,0.4880,6.9800,58.40,2.8290,3,193.0,17.80,396.90,5.04,37.20
0.06888,0.00,2.460,0,0.4880,6.1440,62.20,2.5979,3,193.0,17.80,396.90,9.45,36.20
0.10008,0.00,2.460,0,0.4880,6.5630,95.60,2.8470,3,193.0,17.80,396.90,5.68,32.50
0.06047,0.00,2.460,0,0.4880,6.1530,68.80,3.2797,3,193.0,17.80,387.11,13.15,29.60
0.07875,45.00,3.440,0,0.4370,6.7820,41.10,3.7886,5,398.0,15.20,393.87,6.68,32.00
0.08370,45.00,3.440,0,0.4370,7.1850,38.90,4.5667,5,398.0,15.20,396.90,5.39,34.90
0.06911,45.00,3.440,0,0.4370,6.7390,30.80,6.4798,5,398.0,15.20,389.71,4.69,30.50
0.02187,60.00,2.930,0,0.4010,6.8000,9.90,6.2196,1,265.0,15.60,393.37,5.03,31.10
0.01381,80.00,0.460,0,0.4220,7.8750,32.00,5.6484,4,255.0,14.40,394.23,2.97,50.00
0.04666,80.00,1.520,0,0.4040,7.1070,36.60,7.3090,2,329.0,12.60,354.31,8.61,30.30
0.03445,82.50,2.030,0,0.4150,6.1620,38.40,6.2700,2,348.0,14.70,393.77,7.43,24.10
0.03510,95.00,2.680,0,0.4161,7.8530,33.20,5.1180,4,224.0,14.70,392.78,3.81,48.50
0.13642,0.00,10.590,0,0.4890,5.8910,22.30,3.9454,4,277.0,18.60,396.90,10.87,22.60
0.25199,0.00,10.590,0,0.4890,5.7830,72.70,4.3549,4,277.0,18.60,389.43,18.06,22.50
0.43571,0.00,10.590,1,0.4890,5.3440,100.00,3.8750,4,277.0,18.60,396.90,23.09,20.00
0.37578,0.00,10.590,1,0.4890,5.4040,88.60,3.6650,4,277.0,18.60,395.24,23.98,19.30
0.19802,0.00,10.590,0,0.4890,6.1820,42.40,3.9454,4,277.0,18.60,393.63,9.47,25.00
0.07013,0.00,13.890,0,0.5500,6.6420,85.10,3.4211,5,276.0,16.40,392.78,9.69,28.70
0.52693,0.00,6.200,0,0.5040,8.7250,83.00,2.8944,8,307.0,17.40,382.00,4.63,50.00
0.41238,0.00,6.200,0,0.5040,7.1630,79.90,3.2157,8,307.0,17.40,372.08,6.36,31.60
0.44178,0.00,6.200,0,0.5040,6.5520,21.40,3.3751,8,307.0,17.40,380.34,3.76,31.50
0.33147,0.00,6.200,0,0.5070,8.2470,70.40,3.6519,8,307.0,17.40,378.95,3.95,48.30
0.10612,30.00,4.930,0,0.4280,6.0950,65.10,6.3361,6,300.0,16.60,394.62,12.40,20.10
0.12757,30.00,4.930,0,0.4280,6.3930,7.80,7.0355,6,300.0,16.60,374.71,5.19,23.70
0.19657,22.00,5.860,0,0.4310,6.2260,79.20,8.0555,7,330.0,19.10,376.14,10.15,20.50
0.19073,22.00,5.860,0,0.4310,6.7180,17.50,7.8265,7,330.0,19.10,393.74,6.56,26.20
0.21409,22.00,5.860,0,0.4310,6.4380,8.90,7.3967,7,330.0,19.10,377.07,3.59,24.80
0.36894,22.00,5.860,0,0.4310,8.2590,8.40,8.9067,7,330.0,19.10,396.90,3.54,42.80
0.03548,80.00,3.640,0,0.3920,5.8760,19.10,9.2203,1,315.0,16.40,395.18,9.25,20.90
0.61154,20.00,3.970,0,0.6470,8.7040,86.90,1.8010,5,264.0,13.00,389.70,5.12,50.00
0.65665,20.00,3.970,0,0.6470,6.8420,100.00,2.0107,5,264.0,13.00,391.93,6.90,30.10
0.53412,20.00,3.970,0,0.6470,7.5200,89.40,2.1398,5,264.0,13.00,388.37,7.26,43.10
0.76162,20.00,3.970,0,0.6470,5.5600,62.80,1.9865,5,264.0,13.00,392.40,10.45,22.80
0.57834,20.00,3.970,0,0.5750,8.2970,67.00,2.4216,5,264.0,13.00,384.54,7.44,50.00
0.09065,20.00,6.960,1,0.4640,5.9200,61.50,3.9175,3,223.0,18.60,391.34,13.65,20.70
0.16211,20.00,6.960,0,0.4640,6.2400,16.30,4.4290,3,223.0,18.60,396.90,6.59,25.20
0.22188,20.00,6.960,1,0.4640,7.6910,51.80,4.3665,3,223.0,18.60,390.77,6.58,35.20
0.06127,40.00,6.410,1,0.4470,6.8260,27.60,4.8628,4,254.0,17.60,393.45,4.16,33.10
0.21038,20.00,3.330,0,0.4429,6.8120,32.20,4.1007,5,216.0,14.90,396.90,4.85,35.10
0.03705,20.00,3.330,0,0.4429,6.9680,37.20,5.2447,5,216.0,14.90,392.23,4.59,35.40
0.03871,52.50,5.320,0,0.4050,6.2090,31.30,7.3172,6,293.0,16.60,396.90,7.14,23.20
0.07886,80.00,4.950,0,0.4110,7.1480,27.70,5.1167,4,245.0,19.20,396.90,3.56,37.30
0.08265,0.00,13.920,0,0.4370,6.1270,18.40,5.5027,4,289.0,16.00,396.90,8.58,23.90
0.14103,0.00,13.920,0,0.4370,5.7900,58.00,6.3200,4,289.0,16.00,396.90,15.84,20.30
0.10000,34.00,6.090,0,0.4330,6.9820,17.70,5.4917,7,329.0,16.10,390.43,4.86,33.10
0.05479,33.00,2.180,0,0.4720,6.6160,58.10,3.3700,7,222.0,18.40,393.36,8.93,28.40
0.04932,33.00,2.180,0,0.4720,6.8490,70.30,3.1827,7,222.0,18.40,396.90,7.53,28.20
0.34940,0.00,9.900,0,0.5440,5.9720,76.70,3.1025,4,304.0,18.40,396.24,9.97,20.30
0.79041,0.00,9.900,0,0.5440,6.1220,52.80,2.6403,4,304.0,18.40,396.90,5.98,22.10
0.26938,0.00,9.900,0,0.5440,6.2660,82.80,3.2628,4,304.0,18.40,393.39,7.90,21.60
0.25356,0.00,9.900,0,0.5440,5.7050,77.70,3.9450,4,304.0,18.40,396.42,11.50,16.20
0.24522,0.00,9.900,0,0.5440,5.7820,71.70,4.0317,4,304.0,18.40,396.90,15.94,19.80
0.47547,0.00,9.900,0,0.5440,6.1130,58.80,4.0019,4,304.0,18.40,396.23,12.73,21.00
0.18159,0.00,7.380,0,0.4930,6.3760,54.30,4.5404,5,287.0,19.60,396.90,6.87,23.10
0.24103,0.00,7.380,0,0.4930,6.0830,43.70,5.4159,5,287.0,19.60,396.90,12.79,22.20
0.06724,0.00,3.240,0,0.4600,6.3330,17.20,5.2146,4,430.0,16.90,375.21,7.34,22.60
0.05023,35.00,6.060,0,0.4379,5.7060,28.40,6.6407,1,304.0,16.90,394.02,12.43,17.10
0.03961,0.00,5.190,0,0.5150,6.0370,34.50,5.9853,5,224.0,20.20,396.90,8.01,21.10
0.03041,0.00,5.190,0,0.5150,5.8950,59.60,5.6150,5,224.0,20.20,394.81,10.56,18.50
0.05497,0.00,5.190,0,0.5150,5.9850,45.40,4.8122,5,224.0,20.20,396.90,9.74,19.00
0.01301,35.00,1.520,0,0.4420,7.2410,49.30,7.0379,1,284.0,15.50,394.74,5.49,32.70
0.02543,55.00,3.780,0,0.4840,6.6960,56.40,5.7321,5,370.0,17.60,396.90,7.18,23.90
0.02899,40.00,1.250,0,0.4290,6.9390,34.50,8.7921,1,335.0,19.70,389.85,5.89,26.60
0.07950,60.00,1.690,0,0.4110,6.5790,35.90,10.7103,4,411.0,18.30,370.78,5.49,24.10
0.01709,90.00,2.020,0,0.4100,6.7280,36.10,12.1265,5,187.0,17.00,384.46,4.50,30.10
0.10659,80.00,1.910,0,0.4130,5.9360,19.50,10.5857,4,334.0,22.00,376.04,5.57,20.60
3.83684,0.00,18.100,0,0.7700,6.2510,91.10,2.2955,24,666.0,20.20,350.65,14.19,19.90
4.22239,0.00,18.100,1,0.7700,5.8030,89.00,1.9047,24,666.0,20.20,353.04,14.64,16.80
4.55587,0.00,18.100,0,0.7180,3.5610,87.90,1.6132,24,666.0,20.20,354.70,7.12,27.50
13.52220,0.00,18.100,0,0.6310,3.8630,100.00,1.5106,24,666.0,20.20,131.42,13.33,23.10
5.66998,0.00,18.100,1,0.6310,6.6830,96.80,1.3567,24,666.0,20.20,375.33,3.73,50.00
9.23230,0.00,18.100,0,0.6310,6.2160,100.00,1.1691,24,666.0,20.20,366.15,9.53,50.00
19.60910,0.00,18.100,0,0.6710,7.3130,97.90,1.3163,24,666.0,20.20,396.90,13.44,15.00
17.86670,0.00,18.100,0,0.6710,6.2230,100.00,1.3861,24,666.0,20.20,393.74,21.78,10.20
15.87440,0.00,18.100,0,0.6710,6.5450,99.10,1.5192,24,666.0,20.20,396.90,21.08,10.90
7.99248,0.00,18.100,0,0.7000,5.5200,100.00,1.5331,24,666.0,20.20,396.90,24.56,12.30
16.81180,0.00,18.100,0,0.7000,5.2770,98.10,1.4261,24,666.0,20.20,396.90,30.81,7.20
8.15174,0.00,18.100,0,0.7000,5.3900,98.90,1.7281,24,666.0,20.20,396.90,20.85,11.50
5.29305,0.00,18.100,0,0.7000,6.0510,82.50,2.1678,24,666.0,20.20,378.38,18.76,23.20
8.64476,0.00,18.100,0,0.6930,6.1930,92.60,1.7912,24,666.0,20.20,396.90,15.17,13.80
7.67202,0.00,18.100,0,0.6930,5.7470,98.90,1.6334,24,666.0,20.20,393.10,19.92,8.50
14.23620,0.00,18.100,0,0.6930,6.3430,100.00,1.5741,24,666.0,20.20,396.90,20.32,7.20
24.80170,0.00,18.100,0,0.6930,5.3490,96.00,1.7028,24,666.0,20.20,396.90,19.77,8.30
67.92080,0.00,18.100,0,0.6930,5.6830,100.00,1.4254,24,666.0,20.20,384.97,22.98,5.00
14.43830,0.00,18.100,0,0.5970,6.8520,100.00,1.4655,24,666.0,20.20,179.36,19.78,27.50
14.05070,0.00,18.100,0,0.5970,6.6570,100.00,1.5275,24,666.0,20.20,35.05,21.22,17.20
28.65580,0.00,18.100,0,0.5970,5.1550,100.00,1.5894,24,666.0,20.20,210.97,20.08,16.30
18.08460,0.00,18.100,0,0.6790,6.4340,100.00,1.8347,24,666.0,20.20,27.25,29.05,7.20
11.81230,0.00,18.100,0,0.7180,6.8240,76.50,1.7940,24,666.0,20.20,48.45,22.74,8.40
7.02259,0.00,18.100,0,0.7180,6.0060,95.30,1.8746,24,666.0,20.20,319.98,15.70,14.20
15.86030,0.00,18.100,0,0.6790,5.8960,95.40,1.9096,24,666.0,20.20,7.68,24.39,8.30
37.66190,0.00,18.100,0,0.6790,6.2020,78.70,1.8629,24,666.0,20.20,18.82,14.52,10.90
10.06230,0.00,18.100,0,0.5840,6.8330,94.30,2.0882,24,666.0,20.20,81.33,19.69,14.10
15.17720,0.00,18.100,0,0.7400,6.1520,100.00,1.9142,24,666.0,20.20,9.32,26.45,8.70
9.39063,0.00,18.100,0,0.7400,5.6270,93.90,1.8172,24,666.0,20.20,396.90,22.88,12.80
9.72418,0.00,18.100,0,0.7400,6.4060,97.20,2.0651,24,666.0,20.20,385.96,19.52,17.10
9.96654,0.00,18.100,0,0.7400,6.4850,100.00,1.9784,24,666.0,20.20,386.73,18.85,15.40
10.67180,0.00,18.100,0,0.7400,6.4590,94.80,1.9879,24,666.0,20.20,43.06,23.98,11.80
9.92485,0.00,18.100,0,0.7400,6.2510,96.60,2.1980,24,666.0,20.20,388.52,16.44,12.60
7.52601,0.00,18.100,0,0.7130,6.4170,98.30,2.1850,24,666.0,20.20,304.21,19.31,13.00
5.44114,0.00,18.100,0,0.7130,6.6550,98.20,2.3552,24,666.0,20.20,355.29,17.73,15.20
8.24809,0.00,18.100,0,0.7130,7.3930,99.30,2.4527,24,666.0,20.20,375.87,16.74,17.80
4.75237,0.00,18.100,0,0.7130,6.5250,86.50,2.4358,24,666.0,20.20,50.92,18.13,14.10
6.80117,0.00,18.100,0,0.7130,6.0810,84.40,2.7175,24,666.0,20.20,396.90,14.70,20.00
3.69311,0.00,18.100,0,0.7130,6.3760,88.40,2.5671,24,666.0,20.20,391.43,14.65,17.70
5.82115,0.00,18.100,0,0.7130,6.5130,89.90,2.8016,24,666.0,20.20,393.82,10.29,20.20
3.16360,0.00,18.100,0,0.6550,5.7590,48.20,3.0665,24,666.0,20.20,334.40,14.13,19.90
13.07510,0.00,18.100,0,0.5800,5.7130,56.70,2.8237,24,666.0,20.20,396.90,14.76,20.10
4.64689,0.00,18.100,0,0.6140,6.9800,67.60,2.5329,24,666.0,20.20,374.68,11.66,29.80
15.02340,0.00,18.100,0,0.6140,5.3040,97.30,2.1007,24,666.0,20.20,349.48,24.91,12.00
14.33370,0.00,18.100,0,0.6140,6.2290,88.00,1.9512,24,666.0,20.20,383.32,13.11,21.40
2.81838,0.00,18.100,0,0.5320,5.7620,40.30,4.0983,24,666.0,20.20,392.92,10.42,21.80
3.67367,0.00,18.100,0,0.5830,6.3120,51.90,3.9917,24,666.0,20.20,388.62,10.58,21.20
4.83567,0.00,18.100,0,0.5830,5.9050,53.20,3.1523,24,666.0,20.20,388.22,11.45,20.60
0.18337,0.00,27.740,0,0.6090,5.4140,98.30,1.7554,4,711.0,20.10,344.05,23.97,7.00
0.17331,0.00,9.690,0,0.5850,5.7070,54.00,2.3817,6,391.0,19.20,396.90,12.01,21.80
0.17899,0.00,9.690,0,0.5850,5.6700,28.80,2.7986,6,391.0,19.20,393.29,17.60,23.10
0.26838,0.00,9.690,0,0.5850,5.7940,70.60,2.8927,6,391.0,19.20,396.90,14.10,18.30
0.04741,0.00,11.930,0,0.5730,6.0300,80.80,2.5050,1,273.0,21.00,396.90,7.88,11.90
