1,0,1,-0.18829,0.93035,-0.36156,-0.10868,-0.93597,1,-0.04549,0.50874,-0.67743,0.34432,-0.69707,-0.51685,-0.97515,0.05499,-0.62237,0.33109,-1,-0.13151,-0.45300,-0.18056,-0.35734,-0.20332,-0.26569,-0.20468,-0.18401,-0.19040,-0.11593,-0.16626,-0.06288,-0.13738,-0.02447,0
1,0,1,-0.45161,1,1,0.71216,-1,0,0,0,0,0,0,-1,0.14516,0.54094,-0.39330,-1,-0.54467,-0.69975,1,0,0,1,0.90695,0.51613,1,1,-0.20099,0.25682,1,-0.32382,1,0
1,0,0.02337,-0.00592,-0.09924,-0.11949,-0.00763,-0.11824,0.14706,0.06637,0.03786,-0.06302,0,0,-0.04572,-0.15540,-0.00343,-0.10196,-0.11575,-0.05414,0.01838,0.03669,0.01519,0.00888,0.03513,-0.01535,-0.03240,0.09223,-0.07859,0.00732,0,0,-0.00039,0.12011,0
0,0,0,0,0,0,1,-1,0,0,-1,-1,0,0,0,0,1,1,-1,-1,0,0,0,0,1,1,1,1,0,0,1,1,0,0,0
1,0,-0.01864,-0.08459,0,0,0,0,0.11470,-0.26810,-0.45663,-0.38172,0,0,-0.33656,0.38602,-0.37133,0.15018,0.63728,0.22115,0,0,0,0,-0.14803,-0.01326,0.20645,-0.02294,0,0,0.16595,0.24086,-0.08208,0.38065,0
1,0,0.50932,-0.93996,1,0.26708,-0.03520,-1,1,-1,0.43685,-1,0,0,-1,-0.34265,-0.37681,0.03623,1,-1,0,0,0,0,-0.16253,0.92236,0.39752,0.26501,0,0,1,0.23188,0,0,0
0,0,0,0,-1,-1,1,1,-1,1,-1,1,1,-1,1,1,-1,-1,-1,1,1,-1,-1,1,-1,1,1,-1,-1,1,-1,-1,1,-1,0
0,0,1,-1,0,0,0,0,1,1,1,-1,-0.71875,1,0,0,-1,1,1,1,-1,1,1,0.56250,-1,1,1,1,1,-1,1,1,1,1,0
0,0,-1,1,0,0,0,0,-1,1,1,1,0,0,0,0,1,-1,-1,1,1,1,0,0,-1,-1,1,-1,1,1,-1,1,0,0,0
1,0,1,0.57820,1,-1,1,-1,1,-1,1,-1,1,-1,1,-1,1,-1,1,-1,1,-0.62796,1,-1,1,-1,1,-1,1,-1,1,-1,1,-1,0
0,0,-1,-1,1,1,1,-1,-1,1,1,-1,-1,-1,0,0,1,1,-1,-1,1,-1,1,-1,1,1,1,-1,1,-1,-1,1,1,-1,0
1,0,1,-1,1,1,1,-1,1,-1,1,-1,1,-0.01840,1,-1,1,1,1,-0.85583,1,1,1,-1,0,0,1,1,1,-0.79141,1,1,1,1,0
1,0,0.71253,-0.02595,0.41287,-0.23067,0.98019,-0.09473,0.99709,-0.10236,1,-0.10951,0.58965,1,0.83726,-1,0.82270,-0.17863,0.80760,-0.28257,-0.25914,0.92730,0.51933,0.05456,0.65493,-0.20392,0.93124,-0.41307,0.63811,-0.21901,0.86136,-0.87354,-0.23186,-1,0
1,0,0.66161,-1,1,1,1,-0.67321,0.80893,-0.40446,1,-1,1,-0.89375,1,0.73393,0.17589,0.70982,1,0.78036,1,0.85268,1,-1,1,0.85357,1,-0.08571,0.95982,-0.36250,1,0.65268,1,0.34732,0
0,0,1,1,1,-1,0,0,0,0,-1,-1,0,0,0,0,-1,1,1,1,-1,1,-1,1,1,-1,1,1,-1,1,1,1,0,0,0
1,0,1,0.02461,0.99672,0.04861,0.97545,0.07143,0.61745,-1,0.91036,0.11147,0.88462,0.53640,0.82077,0.14137,0.76929,0.15189,1,0.41003,0.65850,0.16371,0.60138,0.16516,0.54446,0.16390,0.48867,0.16019,0.43481,0.15436,0.38352,0.14677,1,1,0
1,0,-1,-1,1,1,1,-0.14375,0,0,-1,1,1,1,0.17917,-1,-1,-1,0.08750,-1,1,-1,-1,1,-1,-1,1,-1,-1,-1,1,1,0,0,0
1,0,-0.64286,-1,1,0.82857,1,-1,1,-0.23393,1,0.96161,1,-0.37679,1,-1,1,0.13839,1,-1,1,-0.03393,-0.84286,1,0.53750,0.85714,1,1,1,-1,1,-1,1,-1,0
0,0,0,0,0,0,0,0,1,1,1,1,0,0,0,0,-0.37500,-1,-1,-1,0,0,0,0,-1,-1,-1,-1,-1,1,1,0,0,0,0
1,0,0,0,1,0.51724,0,0,0.10991,-1,0,0,0,0,-1,-0.22414,-0.55711,-0.83297,0.76940,0.63147,0,0,0.53448,0.35668,-0.90302,0.44828,1,-1,-1,0.81573,0,0,0,0,0
0,0,1,1,1,-1,0,0,0,0,1,1,1,1,-1,-1,1,-1,-1,1,0,0,1,-1,1,-1,1,1,-1,-1,0,0,0,0,0
1,0,-0.67935,-1,-1,1,1,0.63317,0.03515,-1,-1,-1,1,1,0.88683,-1,-1,1,0.83840,1,1,-1,-1,-1,-0.18856,1,1,-1,-1,-1,-1,1,1,0.33611,0
1,0,0.17188,-1,-1,1,0,0,0,0,-1,1,0,0,-0.61354,-0.67708,0.80521,0.36146,0.51979,0.14375,0,0,-1,-0.27083,-0.84792,0.96250,1,1,-1,0.67708,0,0,0,0,0
1,0,0.01667,-0.35625,0,0,0,0,0,0,0,0,0,0,0.12292,-0.55000,0.22813,0.82813,1,-0.42292,0,0,0.08333,-1,-0.10625,-0.16667,1,-0.76667,-1,0.18854,0,0,1,-0.27292,0
1,0,0.84783,0.10598,1,0.39130,1,-1,0.66938,0.08424,1,0.27038,1,0.60598,1,0.35507,1,0.02672,0.58424,-0.43025,1,0.63496,0.89130,0.26585,0.91033,-0.33333,1,0.15942,0.37681,-0.01947,1,0.22464,1,0.37409,0
0,0,1,-1,1,-1,1,-1,1,-1,1,1,1,1,1,-1,1,1,1,1,1,1,1,-1,1,-1,1,-1,1,0.65625,0,0,1,-1,0
0,0,1,-1,1,1,-1,-1,1,-1,0,0,0,0,-1,1,1,-1,1,-1,-0.75000,1,1,-1,1,-1,1,-1,-1,-1,0,0,1,-1,0
1,0,0.69444,0.38889,0,0,-0.32937,0.69841,0,0,0,0,0,0,0.20635,-0.24206,0.21032,0.19444,0.46429,0.78175,0,0,0,0,0.73413,0.27381,0.76190,0.63492,0,0,0,0,0,0,0
0,0,1,1,0,0,1,-1,1,-1,1,1,1,1,1,-1,1,1,1,1,1,-1,-1,-1,1,-1,1,-1,1,1,0,0,1,-1,0
0,0,1,1,1,-1,1,1,1,1,1,1,1,1,1,1,1,-1,-1,1,-1,1,-1,1,1,-1,1,1,-1,1,-1,-1,-1,1,0
0,0,1,1,1,-1,1,1,-1,1,0,0,1,1,0,0,0,0,-1,1,-1,1,1,1,1,-1,1,1,1,1,1,-1,-1,1,0
1,0,0.68198,-0.17314,0.82332,0.21908,0.46643,0.32862,0.25795,0.58304,1,-0.15194,0.01060,0.44523,0.01060,0.38869,0.18681,0.41168,0.10567,0.36353,0.04325,0.30745,-0.00083,0.24936,-0.02862,0.19405,-0.04314,0.14481,-0.04779,0.10349,-0.04585,0.07064,-0.04013,0.04586,0
1,0,0.72727,-0.05000,0.89241,0.03462,1,0.72727,0.66364,-0.05909,0.48182,-0.16818,0.81809,0.09559,0.56818,1,0.50455,0.21818,0.66818,0.10000,1,-0.30000,0.98636,-1,0.57273,0.32727,0.56982,0.14673,0.42273,0.08182,0.48927,0.14643,1,1,0
1,0,0.84557,-0.08580,-0.31745,-0.80553,-0.08961,-0.56435,0.80648,0.04576,0.89514,-0.00763,-0.18494,0.63966,-0.20019,-0.68065,0.85701,-0.11344,0.77979,-0.15729,-0.06959,0.50810,-0.34128,0.80934,0.78932,-0.03718,0.70882,-0.25288,0.77884,-0.14109,-0.21354,-0.78170,-0.18494,-0.59867,0
1,0,-0.54180,0.14861,-0.33746,0.73375,0.52012,-0.13932,0.31889,-0.06811,0.20743,-0.15170,0.47368,0.08978,0.56347,-0.15480,0.16409,0.45201,0.33746,0.03406,0.50464,0.07121,-0.63777,-0.61610,1,0.65635,0.41348,-0.40116,-0.15170,0.11146,0.02399,0.55820,0.52632,-0.08978,0
1,0,0.79157,0.16851,0,0,0.56541,0.06874,0.39468,1,0.38359,0.99557,-0.02439,0.53215,0.23725,0.12860,-0.02661,0.95122,-0.50998,0.84922,-0.10200,0.38803,-0.42572,0.23725,-0.91574,0.80710,-0.34146,0.88248,-1,0.69401,-1,0.12860,0,0,0
1,0,0.97714,0.19049,0.82683,0.46259,0.71771,0.58732,0.47968,0.84278,0.31409,0.92643,0.10289,0.93945,-0.13254,0.84290,-0.32020,0.91624,-0.52145,0.79525,-0.68274,0.49508,-0.77408,0.33537,-0.85376,0.17849,-0.83314,-0.01358,-0.82366,-0.19321,-0.67289,-0.33662,-0.59943,-0.49700,1
1,0,1,0.01709,0.96215,-0.03142,1,-0.03436,1,-0.05071,0.99026,-0.07092,0.99173,-0.09002,1,-0.15727,1,-0.14257,0.98310,-0.11813,1,-0.18519,1,-0.19272,0.98971,-0.22083,0.96490,-0.20243,0.94599,-0.17123,0.96436,-0.22561,0.87011,-0.23296,1
1,0,0.95704,-0.12095,0.63318,-0.12690,0.96365,-0.18242,0.97026,0.08460,0.92003,-0.01124,0.83543,-0.24719,1,-0.31395,0.99273,-0.21216,0.98678,-0.21018,1,-0.27165,0.93126,-0.39458,1,-0.19233,0.88793,-0.31565,0.81428,-0.23728,0.89095,-0.31857,0.69531,-0.41573,1
1,0,0.94490,-0.49311,1,-0.03692,0.98898,-0.87052,0.90083,0.66942,1,-0.10104,1,-0.12493,1,-0.15017,1,-0.17681,1,-0.20491,1,-0.23452,1,-0.26571,1,-0.29852,1,-0.33304,1,-0.36931,1,-0.40740,1,-0.44739,1
1,0,0.99449,0.00526,0.84082,-0.11313,0.88237,-0.16431,0.99061,-0.06257,0.96484,-0.07496,0.85221,0.02966,0.87161,-0.20848,0.93881,-0.12977,0.98298,-0.08935,0.89876,0.00075,0.87836,-0.05882,0.93368,-0.19872,0.87579,-0.17806,0.94294,-0.16581,0.80253,-0.25741,0.76586,-0.27794,1
1,0,1,-0.57224,0.99150,-0.73371,0.89518,-0.97450,1,-0.35818,1,-0.23229,0.62890,-0.86402,1,-0.57535,1,-0.79603,0.76771,-0.88952,0.96601,-1,0.70120,-0.74896,0.61946,-0.76904,0.53777,-0.77986,0.81020,-1,1,-1,0.30445,-0.76112,1
1,0,0.86284,0.19310,0.80920,0.41149,0.67203,0.55785,0.54559,0.69962,0.36705,0.81533,0.19617,0.85671,-0.04061,0.86284,-0.17241,0.75785,-0.34100,0.65747,-0.48199,0.56092,-0.60230,0.40996,-0.59234,0.25747,-0.63038,0.08818,-0.57241,-0.07816,-0.54866,-0.19923,-0.42912,-0.31954,1
1,0,0.21429,-0.09524,0.33333,0.07143,0.19048,0.19048,0.23810,0.09524,0.40476,0.02381,0.30952,-0.04762,0.30952,-0.04762,0.28571,-0.11905,0.33333,0.04762,0.30952,0,0.21429,-0.11905,0.35714,-0.04762,0.22109,-0.02290,0.19048,0,0.16997,-0.02034,0.14694,-0.01877,1
1,0,0.98182,0,0.88627,0.03131,0.86249,0.04572,0.80000,0,0.69091,0.04545,0.79343,0.08436,0.77118,0.09579,0.62727,0.25455,0.68182,0.12727,0.70674,0.12608,0.68604,0.13493,0.74545,0.22727,0.64581,0.15088,0.67273,0.02727,0.60715,0.16465,0.58840,0.17077,1
1,0,0.86889,-0.07111,1,-0.02494,1,-0.06889,0.87778,0.00222,0.83556,-0.06444,1,-0.07287,1,-0.20000,0.86889,0.05333,0.88000,-0.03778,1,-0.11526,1,-0.18667,0.84444,0.03556,1,-0.14162,0.82222,-0.14667,1,-0.15609,1,-0.44222,1
1,0,1,-0.92453,1,0.75472,0.49057,-0.05660,0.62264,0,1,-0.00054,0.45283,0.07547,0.62264,-0.05660,0.98878,-0.00085,0.52830,0,0.52830,0.07547,0.95190,-0.00112,1,0.79245,0.92192,-0.00128,0.94340,-1,1,0.43396,0.43396,-0.11321,1
1,0,0.43750,0.04167,0.58333,-0.10417,0.39583,0,0.33333,-0.06250,0.47917,0,0.29167,0.10417,0.54167,0.02083,0.43750,-0.22917,0.35417,-0.22917,0.33333,0.08333,0.25000,0.18750,0.39583,-0.18750,0.44012,-0.10064,0.41667,-0.08333,0.58333,-0.31250,0.33333,-0.06250,1
1,0,0.95217,0.06595,0.93614,0.13030,0.90996,0.19152,0.84881,-0.49962,0.90023,0.61320,0.77937,0.34328,0.72254,0.37988,0.66145,0.40844,0.95472,0.59862,0.53258,0.44088,0.46773,0.44511,0.40440,0.44199,0.34374,0.43221,0.90330,1,0.23405,0.39620,0.18632,0.37191,1
1,0,0.95882,0.10129,1,-0.01918,0.98313,0.02555,0.96974,-0.09316,0.98955,-0.02716,0.97980,-0.03096,1,-0.05343,1,-0.05179,0.93840,0.01557,0.97620,-0.09284,0.97889,-0.05318,0.91567,-0.15675,0.95677,-0.06995,0.90978,0.01307,1,-0.10797,0.93144,-0.06888,1
1,0,0.96933,0.00876,1,0.00843,0.98658,-0.00763,0.97868,-0.02844,0.99820,-0.03510,1,-0.01271,1,-0.02581,1,-0.01175,0.98485,0.00025,1,-0.02612,1,-0.04744,0.96019,-0.04527,0.99188,-0.03473,0.97020,-0.02478,1,-0.03855,0.98420,-0.04112,1
1,0,0.64122,0.01403,0.34146,-0.02439,0.52751,0.03466,0.19512,0.12195,0.43313,0.04755,0.21951,0.04878,0.29268,0,0.36585,0,0.31707,0.07317,0.26829,0.12195,0.23698,0.05813,0.21951,0.09756,0.19304,0.05641,0.17410,0.05504,0.19512,0,0.17073,0.07317,1
1,0,0.89706,0.38235,0.91176,0.37500,0.74265,0.67647,0.45588,0.77941,0.19118,0.88971,-0.02206,0.86029,-0.20588,0.82353,-0.37500,0.67647,-0.5,0.47794,-0.73529,0.38235,-0.86029,0.08824,-0.74265,-0.12500,-0.67925,-0.24131,-0.55147,-0.42647,-0.44118,-0.50735,-0.28676,-0.56618,1
1,0,0.26667,-0.10000,0.53333,0,0.33333,-0.13333,0.36667,0.11667,0.56667,0.01667,0.71667,0.08333,0.70000,-0.06667,0.53333,0.20000,0.41667,-0.01667,0.31667,0.20000,0.70000,0,0.25000,0.13333,0.46214,0.05439,0.40000,0.03333,0.46667,0.03333,0.41667,-0.05000,1
1,0,0.95202,0.02254,0.93757,-0.01272,0.93526,0.01214,0.96705,-0.01734,0.96936,0.00520,0.95665,-0.03064,0.95260,-0.00405,0.99480,-0.02659,0.99769,0.01792,0.93584,-0.04971,0.93815,-0.02370,0.97052,-0.04451,0.96215,-0.01647,0.97399,0.01908,0.95434,-0.03410,0.95838,0.00809,1
1,0,0.31034,-0.10345,0.24138,-0.10345,0.20690,-0.06897,0.07405,-0.05431,0.03649,-0.03689,0.01707,-0.02383,0.00741,-0.01482,0.00281,-0.00893,0.00078,-0.00523,-0.00003,-0.00299,-0.00028,-0.00166,-0.00031,-0.00090,-0.00025,-0.00048,-0.00018,-0.00024,-0.00012,-0.00012,-0.00008,-0.00006,1
1,0,0.25000,0.16667,0.46667,0.26667,0.19036,0.23966,0.07766,0.19939,0.01070,0.14922,-0.02367,0.10188,-0.03685,0.06317,-0.03766,0.03458,-0.03230,0.01532,-0.02474,0.00357,-0.01726,-0.00273,-0.01097,-0.00539,-0.00621,-0.00586,-0.00294,-0.00520,-0.00089,-0.00408,0.00025,-0.00291,1
1,0,0.90374,-0.01604,1,0.08021,1,0.01604,0.93048,0.00535,0.93583,-0.01604,1,0,1,0.06417,1,0.04813,0.91444,0.04278,0.96791,0.02139,0.98930,-0.01604,0.96257,0.05348,0.96974,0.04452,0.87701,0.01070,1,0.09091,0.97861,0.06417,1
1,0,0.60000,0.03333,0.63333,0.06667,0.70000,0.06667,0.70000,0,0.63333,0,0.80000,0,0.73333,0,0.70000,0.10000,0.66667,0.10000,0.73333,-0.03333,0.76667,0,0.63333,0.13333,0.65932,0.10168,0.60000,0.13333,0.60000,0.16667,0.63333,0.16667,1
1,0,0.94653,0.28713,0.72554,0.67248,0.47564,0.82455,0.01267,0.89109,-0.24871,0.84475,-0.47644,0.56079,-0.75881,0.41743,-0.66455,0.07208,-0.65426,-0.19525,-0.52475,-0.44000,-0.30851,-0.55089,-0.04119,-0.64792,0.16085,-0.56420,0.36752,-0.41901,0.46059,-0.22535,0.50376,-0.05980,1
1,0,0.94333,0.38574,0.48263,0.64534,0.21572,0.77514,-0.55941,0.64899,-0.73675,0.42048,-0.76051,0,-0.62706,-0.31079,-0.38391,-0.62157,-0.12797,-0.69287,0.49909,-0.63620,0.71481,-0.37660,0.73857,-0.05484,0.60098,0.30384,0.45521,0.60512,0.02742,0.54479,-0.21572,0.50457,1
1,0,0.85736,0.00075,0.81927,-0.05676,0.77521,-0.04182,0.84317,0.09037,0.86258,0.11949,0.88051,-0.06124,0.78342,0.03510,0.83719,-0.06796,0.83570,-0.14190,0.88125,0.01195,0.90515,0.02240,0.79686,-0.01942,0.82383,-0.03678,0.88125,-0.06423,0.73936,-0.01942,0.79089,-0.09186,1
1,0,0.85209,0.39252,0.38887,0.76432,0.08858,0.98903,-0.42625,0.88744,-0.76229,0.49980,-0.93092,0.10768,-0.85900,-0.31044,-0.66030,-0.55262,-0.19260,-0.86063,0.28444,-0.80496,0.64649,-0.35230,0.77814,-0.23324,0.71698,0.21343,0.37830,0.58310,0.19667,0.66315,-0.11215,0.64933,1
1,0,1,0.54902,0.62745,1,0.01961,1,-0.49020,0.92157,-0.82353,0.58824,-1,0.11765,-0.96078,-0.33333,-0.64706,-0.68627,-0.23529,-0.86275,0.35294,-1,0.74510,-0.72549,0.92157,-0.21569,0.92874,0.21876,0.72549,0.56863,0.23529,0.90196,-0.11765,0.90196,1
1,0,1,0,1,0,0.5,0.50000,0.75000,0,0.91201,0.12094,0.89067,0.14210,0.86922,0.16228,0.75000,0.25000,0.75000,0.5,0.75000,0,1,-0.25000,0.5,0.50000,0.73944,0.26388,0.75000,0.25000,0.69635,0.29074,0.67493,0.30293,1
1,0,0.91667,0.29167,0.83333,-0.16667,0.70833,0.25000,0.87500,-0.08333,0.91667,0.04167,0.83333,0.12500,0.70833,0,0.87500,0.04167,1,0.08333,0.66667,-0.08333,0.75000,0.16667,0.83333,-0.12500,0.83796,0.05503,1,0.20833,0.70833,0,0.70833,0.04167,1
1,0,0.92247,-0.19448,0.96419,-0.17674,0.87024,-0.22602,0.81702,-0.27070,0.79271,-0.28909,0.70302,-0.49639,0.63338,-0.49967,0.37254,-0.70729,0.27070,-0.72109,0.40506,-0.54172,0.33509,-0.59691,0.14750,-0.63601,0.09312,-0.59589,-0.07162,-0.54928,-0.01840,-0.54074,-0.07457,-0.47898,1
1,0,1,0.06843,1,0.14211,1,0.22108,1,-0.12500,1,0.39495,1,0.48981,1,0.58986,-0.37500,1,1,0,1,0.92001,1,1,1,1,1,1,1,0.25000,1,1,1,1,1
1,0,0.64947,-0.07896,0.58264,-0.14380,-0.13129,-0.21384,0.29796,0.04403,0.38096,-0.26339,0.28931,-0.31997,0.03459,-0.18947,0.20269,-0.29441,0.15196,-0.29052,0.09513,-0.31525,0.06556,-0.26795,0.03004,-0.25124,-0.00046,-0.23210,-0.02612,-0.21129,-0.04717,-0.18950,0.01336,-0.27201,1
1,0,1,0.05149,0.99363,0.10123,0.96142,0.14756,0.95513,-0.26496,0.66026,0.54701,0.80426,0.25283,0.73781,0.27380,0.66775,0.28714,0.59615,0.29304,0.52494,0.29200,0.45582,0.28476,0.39023,0.27226,0.32930,0.25553,0.27381,0.23568,0.22427,0.21378,0.18086,0.19083,1
1,0,0.93669,-0.00190,0.60761,0.43204,0.92314,-0.40129,0.93123,0.16828,0.96197,0.09061,0.99676,0.08172,0.91586,0.05097,0.84628,-0.25324,0.87379,-0.14482,0.84871,0.26133,0.75081,-0.03641,0.84547,-0.02589,0.87293,-0.02302,0.98544,0.09385,0.78317,-0.10194,0.85841,-0.14725,1
1,0,1,0.23058,1,-0.78509,1,-0.10401,1,0.15414,1,0.27820,0.98120,-0.06861,1,0.06610,0.95802,-0.18954,0.83584,-0.15633,0.97400,0.03728,0.99624,0.09242,1,-0.01253,0.96238,-0.04597,0.91165,0.03885,1,-0.13722,0.96523,-0.11717,1
1,0,0.79847,0.38265,0.80804,-0.16964,1,-0.07653,0.98151,-0.07398,0.70217,0.20663,0.99745,0.02105,0.98214,0.02487,1,-0.13074,0.95663,0.07717,1,0.00191,0.90306,0.30804,1,-0.14541,1,-0.00394,0.75638,0.07908,1,-0.18750,1,-0.05740,1
1,0,1,-0.28428,1,-0.25346,0.94623,-0.35094,1,-0.30566,0.92736,-0.49057,0.90818,-0.44119,0.75723,-0.58899,0.69748,-0.58019,0.59623,-0.57579,0.68459,-0.70975,0.54465,-0.87327,0.49214,-0.73333,0.35504,-0.76054,0.26352,-0.78239,0.16604,-0.73145,0.13994,-0.70000,1
1,0,0.47368,-0.10526,0.83781,0.01756,0.83155,0.02615,0.68421,-0.05263,0.68421,0,0.79856,0.05028,0.78315,0.05756,0.84211,0.47368,1,0.05263,0.72550,0.07631,0.70301,0.08141,0.42105,0.21053,0.65419,0.08968,0.52632,-0.21053,0.60150,0.09534,0.57418,0.09719,1
1,0,1,0.45455,1,0.54545,0.81818,0.63636,1,-0.09091,1,0,0.81818,-0.45455,0.63636,0.27273,1,-0.63636,1,-0.27273,0.90909,-0.45455,1,0.07750,1,-0.09091,1,0.08867,1,0.36364,1,0.63636,0.72727,0.27273,1
1,0,0.45455,0.09091,0.63636,0.09091,0.27273,0.18182,0.63636,0,0.36364,-0.09091,0.45455,-0.09091,0.48612,-0.01343,0.63636,-0.18182,0.45455,0,0.36364,-0.09091,0.27273,0.18182,0.36364,-0.09091,0.34442,-0.01768,0.27273,0,0.36364,0,0.28985,-0.01832,1
1,0,1,0.14286,1,0.71429,1,0.71429,1,-0.14286,0.85714,-0.14286,1,0.02534,1,0,0.42857,-0.14286,1,0.03617,1,-0.28571,1,0,0.28571,-0.28571,1,0.04891,1,0.05182,1,0.57143,1,0,1
1,0,0.87032,0.46972,0.53945,0.82161,0.10380,0.95275,-0.38033,0.87916,-0.73939,0.58226,-0.92099,0.16731,-0.82417,-0.24942,-0.59383,-0.63342,-0.24012,-0.82881,0.18823,-0.78699,0.51557,-0.57430,0.69274,-0.24843,0.69097,0.10484,0.52798,0.39762,0.25974,0.56573,-0.06739,0.57552,1
1,0,0.92657,0.04174,0.89266,0.15766,0.86098,0.19791,0.83675,0.36526,0.80619,0.40198,0.76221,0.40552,0.66586,0.48360,0.60101,0.51752,0.53392,0.52180,0.48435,0.54212,0.42546,0.55684,0.33340,0.55274,0.26978,0.54214,0.22307,0.53448,0.14312,0.49124,0.11573,0.46571,1
1,0,0.93537,0.13645,0.93716,0.25359,0.85705,0.38779,0.79039,0.47127,0.72352,0.59942,0.65260,0.75000,0.50830,0.73586,0.41629,0.82742,0.25539,0.85952,0.13712,0.85615,0.00494,0.88869,-0.07361,0.79780,-0.20995,0.78004,-0.33169,0.71454,-0.38532,0.64363,-0.47419,0.55835,1
1,0,0.80627,0.13069,0.73061,0.24323,0.64615,0.19038,0.36923,0.45577,0.44793,0.46439,0.25000,0.57308,0.25192,0.37115,0.15215,0.51877,-0.09808,0.57500,-0.03462,0.42885,-0.08856,0.44424,-0.14943,0.40006,-0.19940,0.34976,-0.23832,0.29541,-0.26634,0.23896,-0.23846,0.31154,1
1,0,0.97467,0.13082,0.94120,0.20036,0.88783,0.32248,0.89009,0.32711,0.85550,0.45217,0.72298,0.52284,0.69946,0.58820,0.58548,0.66893,0.48869,0.70398,0.44245,0.68159,0.35289,0.75622,0.26832,0.76210,0.16813,0.78541,0.07497,0.80439,-0.02962,0.77702,-0.10289,0.74242,1
1,0,0.92308,0.15451,0.86399,0.29757,0.72582,0.36790,0.70588,0.56830,0.57449,0.62719,0.43270,0.74676,0.31705,0.67697,0.19128,0.76818,0.04686,0.76171,-0.12064,0.76969,-0.18479,0.71327,-0.29291,0.65708,-0.38798,0.58553,-0.46799,0.50131,-0.53146,0.40732,-0.56231,0.35095,1
1,0,0.88804,0.38138,0.65926,0.69431,0.29148,0.87892,-0.06726,0.90135,-0.39597,0.80441,-0.64574,0.56502,-0.82960,0.26906,-0.78940,-0.08205,-0.62780,-0.30942,-0.46637,-0.55605,-0.16449,-0.64338,0.09562,-0.61055,0.30406,-0.48392,0.43227,-0.29838,0.47029,-0.09461,0.42152,0.12556,1
1,0,0.73523,-0.38293,0.80151,0.10278,0.78826,0.15266,0.55580,0.05252,1,0.21225,0.71947,0.28954,0.68798,0.32925,0.49672,0.17287,0.64333,-0.02845,0.57399,0.42528,0.53120,0.44872,0.94530,0.57549,0.44174,0.48200,0.12473,1,0.35070,0.49721,0.30588,0.49831,1
1,0,0.76296,-0.07778,1,-0.29630,1,-0.85741,0.80000,0.06111,0.45556,-0.42778,1,-0.12581,1,-0.83519,0.49259,0.01852,0.82222,-0.05926,0.98215,-0.19938,1,0.22037,0.69630,-0.26481,0.92148,-0.24549,0.78889,0.02037,0.87492,-0.27105,1,-0.57037,1
1,0,0.57540,-0.03175,0.75198,-0.05357,0.61508,-0.01190,0.53968,0.03373,0.61706,0.09921,0.59127,-0.02381,0.62698,0.01190,0.70833,0.02579,0.60317,0.01587,0.47817,-0.02778,0.59127,0.03770,0.5,0.03968,0.61291,-0.01237,0.61706,-0.13492,0.68849,-0.01389,0.62500,-0.03175,1
1,0,0.61857,0.10850,0.70694,-0.06935,0.70358,0.01678,0.74273,0.00224,0.71029,0.15772,0.71588,-0.00224,0.79754,0.06600,0.83669,-0.16555,0.68680,-0.09060,0.62528,-0.01342,0.60962,0.11745,0.71253,-0.09508,0.69845,-0.01673,0.63311,0.04810,0.78859,-0.05145,0.65213,-0.04698,1
1,0,0.88103,-0.00857,0.89818,-0.02465,0.94105,-0.01822,0.89175,-0.12755,0.82208,-0.10932,0.88853,0.01179,0.90782,-0.13719,0.87138,-0.06109,0.90782,-0.02358,0.87996,-0.14577,0.82851,-0.12433,0.90139,-0.19507,0.88245,-0.14903,0.84352,-0.12862,0.88424,-0.18542,0.91747,-0.16827,1
1,0,0.81143,0.03714,0.85143,-0.00143,0.79000,0.00714,0.79571,-0.04286,0.87571,0,0.85571,-0.06714,0.86429,0.00286,0.82857,-0.05429,0.81000,-0.11857,0.76857,-0.08429,0.84286,-0.05000,0.77000,-0.06857,0.81598,-0.08669,0.82571,-0.10429,0.81429,-0.05000,0.82143,-0.15143,1
1,0,0.49870,0.01818,0.43117,-0.09610,0.50649,-0.04156,0.50130,0.09610,0.44675,0.05974,0.55844,-0.11948,0.51688,-0.03636,0.52727,-0.05974,0.55325,-0.01039,0.48571,-0.03377,0.49091,-0.01039,0.59221,0,0.53215,-0.03280,0.43117,0.03377,0.54545,-0.05455,0.58961,-0.08571,1
1,0,1,0.5,1,0.25000,0.25000,1,0.16851,0.91180,-0.13336,0.80454,-0.34107,0.60793,-0.43820,0.37856,-0.43663,0.16709,-0.36676,0.00678,-0.26477,-0.09025,-0.16178,-0.12964,-0.07782,-0.12744,-0.02089,-0.10242,0.01033,-0.07036,0.02224,-0.04142,0.02249,-0.02017,1
1,0,0.87048,0.38027,0.64099,0.69212,0.31347,0.86625,-0.03933,0.90740,-0.42173,0.79346,-0.70561,0.51560,-0.81049,0.22735,-0.81136,-0.12539,-0.67474,-0.38102,-0.38334,-0.62861,-0.13013,-0.70762,0.15552,-0.66421,0.38544,-0.51568,0.52573,-0.29897,0.56239,-0.05938,0.51460,0.16645,1
1,0,0.88179,0.43491,0.59573,0.77655,0.19672,0.94537,-0.24103,0.92544,-0.62526,0.71257,-0.86443,0.33652,-0.92384,-0.05338,-0.77356,-0.44707,-0.46950,-0.73285,-0.10237,-0.82217,0.26384,-0.77570,0.55984,-0.55910,0.72147,-0.24433,0.72478,0.09599,0.58137,0.38915,0.34749,0.57656,1
1,0,0.74449,-0.02390,0.70772,0.03309,0.72243,0.16912,0.79228,0.07721,0.81434,0.43934,0.63787,0.00551,0.70772,0.21691,1,0.06066,0.61029,0.05147,0.67463,0.04228,0.52022,-0.25000,0.72978,-0.15809,0.61727,0.07124,0.30882,0.08640,0.55916,0.07458,0.60294,0.21691,1
1,0,0.68317,0.05375,0.84803,0.00202,0.84341,0.00301,0.84300,0.09901,0.75813,0.04102,0.81892,0.00585,0.80738,0.00673,0.80622,-0.12447,0.77935,-0.03536,0.76365,0.00909,0.74635,0.00978,0.79632,-0.04243,0.70824,0.01096,0.62235,0.11598,0.66624,0.01190,0.64407,0.01227,1
1,0,0.79830,0.09417,0.78129,0.20656,0.71628,0.28068,0.69320,0.41252,0.65917,0.50122,0.57898,0.60814,0.49210,0.58445,0.33354,0.67861,0.29587,0.63548,0.09599,0.68104,0.02066,0.72236,-0.08748,0.63183,-0.11925,0.60696,-0.18226,0.56015,-0.25516,0.51701,-0.27339,0.42467,1
1,0,0.91767,0.18198,0.86090,0.35543,0.72873,0.45747,0.60425,0.69865,0.50376,0.74922,0.36100,0.81795,0.15664,0.83558,0.00396,0.85210,-0.16390,0.77853,-0.35996,0.76193,-0.43087,0.65385,-0.53140,0.53886,-0.60328,0.40972,-0.64511,0.27338,-0.65710,0.13667,-0.64056,0.05394,1
1,0,0.58940,-0.60927,0.85430,0.55298,0.81126,0.07285,0.56623,0.16225,0.32781,0.24172,0.50331,0.12252,0.63907,0.19868,0.71854,0.42715,0.54305,0.13907,0.65232,0.27815,0.68874,0.07285,0.51872,0.26653,0.49013,0.27687,0.46216,0.28574,0.43484,0.29324,0.40821,0.29942,1
1,0,0.84843,0.06794,0.80562,-0.02299,0.77031,-0.03299,0.66725,-0.06620,0.59582,-0.07666,0.67260,-0.05771,0.64260,-0.06438,0.39199,0.04530,0.71254,0.01394,0.55970,-0.08039,0.53430,-0.08453,0.47038,-0.22822,0.48659,-0.09128,0.52613,-0.08537,0.44277,-0.09621,0.42223,-0.09808,1
1,0,0.47938,-0.12371,0.42784,-0.12371,0.70103,-0.39175,0.73196,0.07216,0.26289,-0.21649,0.49485,0.15979,0.45361,-0.11856,0.42268,0.06186,0.5,-0.27320,0.54639,0.18557,0.42268,0.08247,0.70619,0.19588,0.53396,-0.12447,0.15464,-0.26289,0.47423,0.04124,0.45361,-0.51546,1
1,0,0.50112,-0.03596,0.61124,0.01348,0.58876,0.01573,0.58876,0.02472,0.66742,-0.00449,0.71685,-0.04719,0.66517,0.00899,0.57303,0.02472,0.64719,-0.07416,0.56854,0.14157,0.57528,-0.03596,0.46517,0.04944,0.56588,0.00824,0.47640,-0.03596,0.54607,0.10562,0.60674,-0.08090,1
1,0,0.49515,0.09709,0.29612,0.05825,0.34951,0,0.57282,-0.02427,0.58252,0.02427,0.33495,0.04854,0.52427,0.00485,0.47087,-0.10680,0.43204,0.00485,0.34951,0.05825,0.18932,0.25728,0.31068,-0.15049,0.36547,0.03815,0.39320,0.17476,0.26214,0,0.37379,-0.01942,1
1,0,0.97905,0.15810,0.90112,0.35237,0.82039,0.48561,0.71760,0.64888,0.58827,0.73743,0.40349,0.83156,0.25140,0.84804,0.04700,0.85475,-0.12193,0.79749,-0.26180,0.80754,-0.37835,0.71676,-0.51034,0.58324,-0.57587,0.46040,-0.61899,0.30796,-0.65754,0.18345,-0.64134,0.02968,1
1,0,0.94331,0.19959,0.96132,0.40803,0.80514,0.56569,0.56687,0.70830,0.41836,0.83230,0.14939,0.89489,0.05167,0.93682,-0.24742,0.83939,-0.42811,0.75554,-0.50251,0.62563,-0.65515,0.50428,-0.68851,0.30912,-0.77097,0.15619,-0.75406,-0.04399,-0.75199,-0.17921,-0.66932,-0.34367,1
1,0,0.89835,0.35157,0.67333,0.62233,0.43898,0.94353,-0.03643,0.80510,-0.22838,0.75334,-0.25137,0.48816,-0.57377,0.28415,-0.66750,0.10591,-0.47359,-0.06193,-0.81056,-0.06011,-0.33197,-0.47592,-0.12897,-0.53620,0.07158,-0.51925,0.24321,-0.43478,0.36586,-0.30057,0.42805,0.13297,1
1,0,0.58459,-0.35526,1,0.35338,0.75376,-0.00564,0.82519,0.19361,0.50188,-0.27632,0.65977,0.06391,0.69737,0.14662,0.72368,-0.42669,0.76128,0.04511,0.66917,0.20489,0.84774,-0.40977,0.64850,-0.04699,0.56836,-0.10571,0.52820,-0.13346,0.15602,-0.12218,0.44767,-0.10309,1
1,0,0.94080,0.11933,0.85738,0.01038,0.85124,0.01546,0.76966,-0.00278,0.84459,0.10916,0.83289,0.03027,0.82680,0.03506,0.74838,0.01943,0.80019,0.02405,0.80862,0.04901,0.80259,0.05352,0.77336,0.02220,0.79058,0.06235,0.85939,0.09251,0.77863,0.07090,0.77269,0.07508,1
1,0,0.59887,0.14689,0.69868,-0.13936,0.85122,-0.13936,0.80979,0.02448,0.50471,0.02825,0.67420,-0.04520,0.80791,-0.13748,0.51412,-0.24482,0.81544,-0.14313,0.70245,-0.00377,0.33333,0.06215,0.56121,-0.33145,0.61444,-0.16837,0.52731,-0.02072,0.53861,-0.31262,0.67420,-0.22034,1
1,0,0.87772,-0.08152,0.83424,0.07337,0.84783,0.04076,0.77174,-0.02174,0.77174,-0.05707,0.82337,-0.10598,0.67935,-0.00543,0.88043,-0.20924,0.83424,0.03261,0.86413,-0.05978,0.97283,-0.27989,0.85054,-0.18750,0.83705,-0.10211,0.85870,-0.03261,0.78533,-0.10870,0.79076,-0.00543,1
1,0,0.46785,0.11308,0.58980,0.00665,0.55432,0.06874,0.47894,-0.13969,0.52993,0.01330,0.63858,-0.16186,0.67849,-0.03326,0.54545,-0.13525,0.52993,-0.04656,0.47894,-0.19512,0.50776,-0.13525,0.41463,-0.20177,0.53930,-0.11455,0.59867,-0.02882,0.53659,-0.11752,0.56319,-0.04435,1
1,0,0.93147,0.29282,0.79917,0.55756,0.59952,0.71596,0.26203,0.92651,0.04636,0.96748,-0.23237,0.95130,-0.55926,0.81018,-0.73329,0.62385,-0.90995,0.36200,-0.92254,0.06040,-0.93618,-0.19838,-0.83192,-0.46906,-0.65165,-0.69556,-0.41223,-0.85725,-0.13590,-0.93953,0.10007,-0.94823,1
1,0,0.83479,0.28993,0.69256,0.47702,0.49234,0.68381,0.21991,0.86761,-0.08096,0.85011,-0.35558,0.77681,-0.52735,0.58425,-0.70350,0.31291,-0.75821,0.03939,-0.71225,-0.15317,-0.58315,-0.39168,-0.37199,-0.52954,-0.16950,-0.60863,0.08425,-0.61488,0.25164,-0.48468,0.40591,-0.35339,1
1,0,0.83367,0.31456,0.65541,0.57671,0.34962,0.70677,0.17293,0.78947,-0.18976,0.79886,-0.41729,0.66541,-0.68421,0.47744,-0.74725,0.19492,-0.72180,-0.04887,-0.62030,-0.28195,-0.49165,-0.53463,-0.26577,-0.66014,-0.01530,-0.69706,0.22708,-0.64428,0.43100,-0.51206,0.64662,-0.30075,1
1,0,0.94052,-0.01531,0.94170,0.01001,0.94994,-0.01472,0.95878,-0.01060,0.94641,-0.03710,0.97173,-0.01767,0.97055,-0.03887,0.95465,-0.04064,0.95230,-0.04711,0.94229,-0.02179,0.92815,-0.04417,0.92049,-0.04476,0.92695,-0.05827,0.90342,-0.07479,0.91991,-0.07244,0.92049,-0.07420,1
1,0,0.51207,1,1,0.53810,0.71178,0.80833,0.45622,0.46427,0.33081,1,0.21249,1,-0.17416,1,-0.33081,0.98722,-0.61382,1,-0.52674,0.71699,-0.88500,0.47894,-1,0.35175,-1,0.09569,-1,-0.16713,-1,-0.42226,-0.91903,-0.65557,1
1,0,0.83789,0.42904,0.72113,0.58385,0.45625,0.78115,0.16470,0.82732,-0.13012,0.86947,-0.46177,0.78497,-0.59435,0.52070,-0.78470,0.26529,-0.84014,0.03928,-0.62041,-0.31351,-0.47412,-0.48905,-0.37298,-0.67796,-0.05054,-0.62691,0.14690,-0.45911,0.37093,-0.39167,0.48319,-0.24313,1
1,0,0.95559,-0.00155,0.86421,-0.13244,0.94982,-0.00461,0.82809,-0.51171,0.92441,0.10368,1,-0.14247,0.99264,-0.02542,0.95853,-0.15518,0.84013,0.61739,1,-0.16321,0.87492,-0.08495,0.85741,-0.01664,0.84132,-0.01769,0.82427,-0.01867,0.80634,-0.01957,0.78761,-0.02039,1
1,0,0.88085,0.35232,0.68389,0.65128,0.34816,0.79784,0.05832,0.90842,-0.29784,0.86490,-0.62635,0.69590,-0.77106,0.39309,-0.85803,0.08408,-0.81641,-0.24017,-0.64579,-0.50022,-0.39766,-0.68337,-0.11147,-0.75533,0.17041,-0.71504,0.40675,-0.57649,0.56626,-0.36765,0.62765,-0.13305,1
1,0,1,-0.24051,1,-0.20253,0.87342,-0.10127,0.88608,0.01266,1,0.11392,0.92405,0.06329,0.84810,-0.03797,0.63291,-0.36709,0.87342,-0.01266,0.93671,0.06329,1,0.25316,0.62025,-0.37975,0.84637,-0.05540,1,-0.06329,0.53165,0.02532,0.83544,-0.02532,1
1,0,0.89505,-0.03168,0.87525,0.05545,0.89505,0.01386,0.92871,0.02772,0.91287,-0.00990,0.94059,-0.01584,0.91881,0.03366,0.93663,0,0.94257,0.01386,0.90495,0.00792,0.88713,-0.01782,0.89307,0.02376,0.89002,0.01611,0.88119,0.00198,0.87327,0.04158,0.86733,0.02376,1
1,0,0.39394,-0.24242,0.62655,0.01270,0.45455,0.09091,0.63636,0.09091,0.21212,-0.21212,0.57576,0.15152,0.39394,0,0.56156,0.04561,0.51515,0.03030,0.78788,0.18182,0.30303,-0.15152,0.48526,0.05929,0.46362,0.06142,0.33333,-0.03030,0.41856,0.06410,0.39394,0.24242,1
1,0,0.89563,0.37917,0.67311,0.69438,0.35916,0.88696,-0.04193,0.93345,-0.38875,0.84414,-0.67274,0.62078,-0.82680,0.30356,-0.86150,-0.05365,-0.73564,-0.34275,-0.51778,-0.62443,-0.23428,-0.73855,0.06911,-0.73856,0.33531,-0.62296,0.52414,-0.42086,0.61217,-0.17343,0.60073,0.08660,1
1,0,1,1,0.36700,0.06158,0.12993,0.92713,-0.27586,0.93596,-0.31527,0.37685,-0.87192,0.36946,-0.92857,-0.08867,-0.38916,-0.34236,-0.46552,-0.82512,-0.05419,-0.93596,0.25616,-0.20443,0.73792,-0.45950,0.85471,-0.06831,1,1,0.38670,0.00246,0.17758,0.79790,1
1,0,0.88110,0,0.94817,-0.02744,0.93598,-0.01220,0.90244,0.01829,0.90244,0.01829,0.93902,0.00915,0.95732,0.00305,1,0.02744,0.94207,-0.01220,0.90854,0.02439,0.91463,0.05488,0.99695,0.04878,0.89666,0.02226,0.90854,0.00915,1,0.05488,0.97561,-0.01220,1
1,0,0.97513,0.00710,0.98579,0.01954,1,0.01954,0.99290,0.01599,0.95737,0.02309,0.97158,0.03552,1,0.03730,0.97869,0.02131,0.98579,0.05684,0.97158,0.04796,0.94494,0.05506,0.98401,0.03552,0.97540,0.06477,0.94849,0.08171,0.99112,0.06217,0.98934,0.09947,1
1,0,1,-0.01342,1,0.01566,1,-0.00224,1,0.06264,0.97763,0.04474,0.95973,0.02908,1,0.06488,0.98881,0.03356,1,0.03579,0.99776,0.09396,0.95749,0.07383,1,0.10067,0.99989,0.08763,0.99105,0.08501,1,0.10067,1,0.10067,1
1,0,0.90147,0.41786,0.64131,0.75725,0.30440,0.95148,-0.20449,0.96534,-0.55483,0.81191,-0.81857,0.50949,-0.96986,0.10345,-0.91456,-0.31412,-0.70163,-0.65461,-0.32354,-0.88999,0.05865,-0.94172,0.44483,-0.82154,0.74105,-0.55231,0.89415,-0.18725,0.87893,0.20359,0.70555,0.54852,1
1,0,0.65845,0.43617,0.44681,0.74804,0.05319,0.85106,-0.32027,0.82139,-0.68253,0.52408,-0.84211,0.07111,-0.82811,-0.28723,-0.47032,-0.71725,-0.04759,-0.86002,0.23292,-0.76316,0.56663,-0.52128,0.74300,-0.18645,0.74758,0.23713,0.45185,0.59071,0.20549,0.76764,-0.18533,0.74356,1
1,0,0.98002,0.00075,1,0,0.98982,-0.00075,0.94721,0.02394,0.97700,0.02130,0.97888,0.03073,0.99170,0.02338,0.93929,0.05713,0.93552,0.05279,0.97738,0.05524,1,0.06241,0.94155,0.08107,0.96709,0.07255,0.95701,0.08088,0.98190,0.08126,0.97247,0.08616,1
1,0,0.35346,-0.13768,0.69387,-0.02423,0.68195,-0.03574,0.55717,-0.06119,0.61836,-0.10467,0.62099,-0.06527,0.59361,-0.07289,0.42271,-0.26409,0.58213,0.04992,0.49736,-0.08771,0.46241,-0.08989,0.45008,-0.00564,0.39146,-0.09038,0.35588,-0.10306,0.32232,-0.08637,0.28943,-0.08300,1
1,0,0.66667,-0.01366,0.97404,0.06831,0.49590,0.50137,0.75683,-0.00273,0.65164,-0.14071,0.40164,-0.48907,0.39208,0.58743,0.76776,0.31831,0.78552,0.11339,0.47541,-0.44945,1,0.00683,0.60656,0.06967,0.68656,0.17088,0.87568,0.07787,0.55328,0.24590,0.13934,0.48087,1
1,0,0.95113,0.00419,0.95183,-0.02723,0.93438,-0.01920,0.94590,0.01606,0.96510,0.03281,0.94171,0.07330,0.94625,-0.01326,0.97173,0.00140,0.94834,0.06038,0.92670,0.08412,0.93124,0.10087,0.94520,0.01361,0.93522,0.04925,0.93159,0.08168,0.94066,-0.00035,0.91483,0.04712,1
